{"000": {"R": [[-0.999345064163208, 0.03607696294784546, 0.0028344616293907166], [0.0157032310962677, 0.5028837323188782, -0.86421138048172], [-0.03260350227355957, -0.8636007905006409, -0.5031209588050842]], "T": [0.2032286375761032, 0.04741416499018669, 1.5531246662139893], "principal_point": [189.4523468017578, 194.5476531982422], "focal_length": [466.91436767578125, 466.91436767578125], "filepath": "data/demo/eagle/processed/000.png", "image_size_wh": [4032, 3024], "image_size_crop": [256, 256], "flag": 1, "needs_checking": false, "crop_parameters": [-0.07010579109191895, 0.2850528955459595, 1.0965608358383179]}, "001": {"R": [[0.5997439622879028, 0.3147789537906647, 0.7356775403022766], [0.045059770345687866, 0.9046320915222168, -0.4238044023513794], [-0.7989222407341003, 0.2873236835002899, 0.5283639430999756]], "T": [-0.08090219646692276, -0.11377023905515671, 1.6241668462753296], "principal_point": [136.81312561035156, 118.20765686035156], "focal_length": [423.0295104980469, 423.0295104980469], "filepath": "data/demo/eagle/processed/001.png", "image_size_wh": [4032, 3024], "image_size_crop": [256, 256], "flag": 1, "needs_checking": false, "crop_parameters": [-0.2916666269302368, -0.04629623889923096, 1.2103174924850464]}, "003": {"R": [[0.8280060291290283, 0.4596567749977112, 0.32112574577331543], [-0.03522422909736633, 0.6142122149467468, -0.7883543372154236], [-0.5596117377281189, 0.6414507627487183, 0.5247626304626465]], "T": [-0.04205186665058136, -0.016640009358525276, 1.8952275514602661], "principal_point": [129.96690368652344, 137.8345184326172], "focal_length": [457.53192138671875, 457.53192138671875], "filepath": "data/demo/eagle/processed/003.png", "image_size_wh": [4032, 3024], "image_size_crop": [256, 256], "flag": 1, "needs_checking": false, "crop_parameters": [-0.3247354030609131, 0.04298943281173706, 1.1190476417541504]}, "006": {"R": [[0.6971794366836548, -0.2913132905960083, -0.6550399661064148], [0.0019417107105255127, 0.9144799709320068, -0.4046263098716736], [0.7168940305709839, 0.28082531690597534, 0.6381223201751709]], "T": [-0.0893942192196846, -0.04100978747010231, 2.036142110824585], "principal_point": [100.63448333740234, 137.2689666748047], "focal_length": [444.91033935546875, 444.91033935546875], "filepath": "data/demo/eagle/processed/006.png", "image_size_wh": [4032, 3024], "image_size_crop": [256, 256], "flag": 1, "needs_checking": false, "crop_parameters": [-0.45634925365448, 0.04166668653488159, 1.1507936716079712]}, "007": {"R": [[0.9511187076568604, 0.06591621786355972, 0.3017093539237976], [0.07689586281776428, 0.8956389427185059, -0.4380844533443451], [-0.29909953474998474, 0.4398704767227173, 0.8467901349067688]], "T": [-0.021952899172902107, -0.056036192923784256, 1.767792820930481], "principal_point": [130.93771362304688, 136.39344787597656], "focal_length": [423.0295104980469, 423.0295104980469], "filepath": "data/demo/eagle/processed/007.png", "image_size_wh": [4032, 3024], "image_size_crop": [256, 256], "flag": 1, "needs_checking": false, "crop_parameters": [-0.3194444179534912, 0.03968256711959839, 1.2103174924850464]}, "008": {"R": [[-0.9906689524650574, 0.08559870719909668, 0.1060573011636734], [0.047307342290878296, 0.9457525014877319, -0.32142508029937744], [-0.12781748175621033, -0.31340864300727844, -0.9409772157669067]], "T": [-0.522771418094635, 0.37452027201652527, 2.511432409286499], "principal_point": [14.273381233215332, 215.94244384765625], "focal_length": [464.1151123046875, 464.1151123046875], "filepath": "data/demo/eagle/processed/008.png", "image_size_wh": [4032, 3024], "image_size_crop": [256, 256], "flag": 1, "needs_checking": false, "crop_parameters": [-0.8234126567840576, 0.3789682388305664, 1.1031745672225952]}, "010": {"R": [[0.04038402438163757, 0.5384686589241028, 0.8416773080825806], [0.011654883623123169, 0.8420532941818237, -0.539268434047699], [-0.9991164207458496, 0.031587451696395874, 0.027729645371437073]], "T": [-0.16717824339866638, -0.14171098172664642, 1.7638278007507324], "principal_point": [107.05738830566406, 117.37240600585938], "focal_length": [472.6153869628906, 472.6153869628906], "filepath": "data/demo/eagle/processed/010.png", "image_size_wh": [4032, 3024], "image_size_crop": [256, 256], "flag": 1, "needs_checking": false, "crop_parameters": [-0.42195773124694824, -0.04497349262237549, 1.0833333730697632]}, "011": {"R": [[0.9965401291847229, -0.06796503067016602, -0.0478435754776001], [0.04524824023246765, 0.9264715313911438, -0.37363502383232117], [0.06971979141235352, 0.37017741799354553, 0.92634117603302]], "T": [-0.06599241495132446, -0.029560377821326256, 1.5281018018722534], "principal_point": [110.3660888671875, 143.0443115234375], "focal_length": [372.9017333984375, 372.9017333984375], "filepath": "data/demo/eagle/processed/011.png", "image_size_wh": [4032, 3024], "image_size_crop": [256, 256], "flag": 1, "needs_checking": false, "crop_parameters": [-0.42791008949279785, 0.08068782091140747, 1.3730158805847168]}}