{"000": {"R": [[-0.7193762063980103, -0.38649481534957886, -0.5771650671958923], [-0.09388670325279236, 0.8773835897445679, -0.47051411867141724], [0.6882466077804565, -0.28428855538368225, -0.667455792427063]], "T": [0.024511301890015602, 0.007234259974211454, 2.1076009273529053], "needs_checking": false, "principal_point": [128.15650939941406, 126.6209716796875], "focal_length": [398.7347412109375, 398.7347412109375], "flag": 1, "filepath": "data/demo/toy/processed/000_rgba.png"}, "001": {"R": [[-0.7509089708328247, 0.35383981466293335, 0.5576140880584717], [-0.0160224549472332, 0.8343409299850464, -0.5510164499282837], [-0.6602118015289307, -0.4226974844932556, -0.6208446025848389]], "T": [0.005624058190733194, -0.006575006991624832, 1.903993010520935], "needs_checking": false, "principal_point": [128.22178649902344, 127.66085052490234], "focal_length": [419.3023376464844, 419.3023376464844], "flag": 1, "filepath": "data/demo/toy/processed/001_rgba.png"}, "002": {"R": [[0.5388026833534241, 0.6021932363510132, 0.5891139507293701], [-0.09915035963058472, 0.7397717833518982, -0.6655131578445435], [-0.836577296257019, 0.3001693785190582, 0.4582985043525696]], "T": [0.02198808081448078, 0.013627434149384499, 1.5713969469070435], "needs_checking": false, "principal_point": [127.90362548828125, 128.44044494628906], "focal_length": [324.07659912109375, 324.07659912109375], "flag": 1, "filepath": "data/demo/toy/processed/002_rgba.png"}, "003": {"R": [[0.8387643098831177, -0.24346715211868286, -0.48703062534332275], [-0.02471497282385826, 0.876517653465271, -0.48073601722717285], [0.543934166431427, 0.41526108980178833, 0.7291741371154785]], "T": [0.006196843460202217, -0.007094836328178644, 1.8165971040725708], "needs_checking": false, "principal_point": [127.95693969726562, 128.1160125732422], "focal_length": [376.0641784667969, 376.0641784667969], "flag": 1, "filepath": "data/demo/toy/processed/003_rgba.png"}}