{
    "001": {
        "R": [
            [
                -0.9309225082397461,
                0.23084205389022827,
                0.2830107808113098
            ],
            [
                0.038147564977407455,
                0.8321335911750793,
                -0.5532615780830383
            ],
            [
                -0.36321887373924255,
                -0.5042474269866943,
                -0.7834579944610596
            ]
        ],
        "T": [
            0.048876550048589706,
            -0.01787450537085533,
            1.992950677871704
        ],
        "needs_checking": false,
        "principal_point": [
            127.8719253540039,
            126.76300048828125
        ],
        "focal_length": [
            436.2645568847656,
            436.2645568847656
        ],
        "flag": 1,
        "filepath": "data/demo/jordan/processed/001_rgba.png"
    },
    "002": {
        "R": [
            [
                -0.4795398712158203,
                0.47891494631767273,
                0.7353109121322632
            ],
            [
                0.09774449467658997,
                0.8618791103363037,
                -0.49760493636131287
            ],
            [
                -0.8720594644546509,
                -0.16674889624118805,
                -0.46011653542518616
            ]
        ],
        "T": [
            -0.009967152960598469,
            -0.01593247801065445,
            1.7160167694091797
        ],
        "needs_checking": false,
        "principal_point": [
            128.25851440429688,
            127.20174407958984
        ],
        "focal_length": [
            342.86895751953125,
            342.86895751953125
        ],
        "flag": 1,
        "filepath": "data/demo/jordan/processed/002_rgba.png"
    },
    "003": {
        "R": [
            [
                0.2466159164905548,
                0.5447540879249573,
                0.801513135433197
            ],
            [
                3.5881996154785156e-05,
                0.8270531892776489,
                -0.5621235966682434
            ],
            [
                -0.9691133499145508,
                0.13865745067596436,
                0.20394504070281982
            ]
        ],
        "T": [
            -0.08793623000383377,
            -0.01615280658006668,
            1.5905332565307617
        ],
        "needs_checking": false,
        "principal_point": [
            128.1562042236328,
            127.80807495117188
        ],
        "focal_length": [
            384.4273681640625,
            384.4273681640625
        ],
        "flag": 1,
        "filepath": "data/demo/jordan/processed/003_rgba.png"
    },
    "004": {
        "R": [
            [
                0.9891330003738403,
                -0.132462739944458,
                -0.06379464268684387
            ],
            [
                0.08091294020414352,
                0.8527287244796753,
                -0.5160495638847351
            ],
            [
                0.12275683879852295,
                0.5052797198295593,
                0.8541799783706665
            ]
        ],
        "T": [
            0.06559549272060394,
            -0.026531962677836418,
            1.5955405235290527
        ],
        "needs_checking": false,
        "principal_point": [
            127.8031234741211,
            127.65763854980469
        ],
        "focal_length": [
            391.2985534667969,
            391.2985534667969
        ],
        "flag": 1,
        "filepath": "data/demo/jordan/processed/004_rgba.png"
    },
    "005": {
        "R": [
            [
                0.7785031795501709,
                -0.28024113178253174,
                -0.5616026520729065
            ],
            [
                0.06176035851240158,
                0.9246456623077393,
                -0.37578728795051575
            ],
            [
                0.624594509601593,
                0.25786685943603516,
                0.737147331237793
            ]
        ],
        "T": [
            0.04909302666783333,
            -0.07803171128034592,
            2.2788007259368896
        ],
        "needs_checking": false,
        "principal_point": [
            127.51737213134766,
            127.50265502929688
        ],
        "focal_length": [
            440.4752502441406,
            440.4752502441406
        ],
        "flag": 1,
        "filepath": "data/demo/jordan/processed/005_rgba.png"
    },
    "006": {
        "R": [
            [
                -0.9054642915725708,
                -0.33491945266723633,
                -0.2606979310512543
            ],
            [
                -0.0010471940040588379,
                0.6160026788711548,
                -0.7877434492111206
            ],
            [
                0.4244212210178375,
                -0.7130004167556763,
                -0.5581191778182983
            ]
        ],
        "T": [
            0.009441403672099113,
            0.11508256196975708,
            2.0341711044311523
        ],
        "needs_checking": false,
        "principal_point": [
            127.84082794189453,
            127.3127212524414
        ],
        "focal_length": [
            428.5006103515625,
            428.5006103515625
        ],
        "flag": 1,
        "filepath": "data/demo/jordan/processed/006_rgba.png"
    },
    "007": {
        "R": [
            [
                0.8701058626174927,
                0.4095819890499115,
                0.27415069937705994
            ],
            [
                -0.04030245542526245,
                0.6135034561157227,
                -0.7886631488800049
            ],
            [
                -0.4912145137786865,
                0.6751712560653687,
                0.5503198504447937
            ]
        ],
        "T": [
            0.024369819089770317,
            0.03747132793068886,
            1.8749423027038574
        ],
        "needs_checking": false,
        "principal_point": [
            127.68868255615234,
            128.638916015625
        ],
        "focal_length": [
            360.01336669921875,
            360.01336669921875
        ],
        "flag": 1,
        "filepath": "data/demo/jordan/processed/007_rgba.png"
    },
    "008": {
        "R": [
            [
                -0.3517136573791504,
                -0.7172088623046875,
                -0.6015889048576355
            ],
            [
                0.013706475496292114,
                0.6386347413063049,
                -0.7693881988525391
            ],
            [
                0.9360073804855347,
                -0.27884992957115173,
                -0.21478615701198578
            ]
        ],
        "T": [
            -0.011614098213613033,
            0.05446847155690193,
            1.7056033611297607
        ],
        "needs_checking": false,
        "principal_point": [
            127.85592651367188,
            128.0355224609375
        ],
        "focal_length": [
            396.0058288574219,
            396.0058288574219
        ],
        "flag": 1,
        "filepath": "data/demo/jordan/processed/008_rgba.png"
    }
}