{
    "001": {
        "R": [
            [
                -0.3384244740009308,
                -0.650882363319397,
                -0.6795743107795715
            ],
            [
                -0.009165406227111816,
                0.7244337201118469,
                -0.6892836093902588
            ],
            [
                0.9409490823745728,
                -0.2270418405532837,
                -0.25113174319267273
            ]
        ],
        "T": [
            0.0007987827993929386,
            -0.040196340531110764,
            1.714048981666565
        ],
        "needs_checking": false,
        "principal_point": [
            127.85738372802734,
            127.71997833251953
        ],
        "focal_length": [
            392.67144775390625,
            392.67144775390625
        ],
        "flag": 1,
        "filepath": "data/demo/butter/processed/001_rgba.png"
    },
    "002": {
        "R": [
            [
                0.7829599976539612,
                -0.2725747227668762,
                -0.5591750741004944
            ],
            [
                -0.013063699007034302,
                0.8914883136749268,
                -0.4528554677963257
            ],
            [
                0.6219351291656494,
                0.36187267303466797,
                0.6944389343261719
            ]
        ],
        "T": [
            0.002521043410524726,
            0.023724695667624474,
            2.1366219520568848
        ],
        "needs_checking": false,
        "principal_point": [
            128.01170349121094,
            127.71439361572266
        ],
        "focal_length": [
            406.3647155761719,
            406.3647155761719
        ],
        "flag": 1,
        "filepath": "data/demo/butter/processed/002_rgba.png"
    },
    "003": {
        "R": [
            [
                0.9505516290664673,
                0.22508224844932556,
                0.21398529410362244
            ],
            [
                0.0048833489418029785,
                0.6780978441238403,
                -0.7349556684494019
            ],
            [
                -0.3105284571647644,
                0.6996582746505737,
                0.6434679627418518
            ]
        ],
        "T": [
            -0.01403256319463253,
            -0.01450009923428297,
            1.8619095087051392
        ],
        "needs_checking": false,
        "principal_point": [
            127.96388244628906,
            127.44666290283203
        ],
        "focal_length": [
            399.6718444824219,
            399.6718444824219
        ],
        "flag": 1,
        "filepath": "data/demo/butter/processed/003_rgba.png"
    },
    "005": {
        "R": [
            [
                -0.376196026802063,
                0.7050228714942932,
                0.6011816263198853
            ],
            [
                0.003728210926055908,
                0.6499923467636108,
                -0.7599316835403442
            ],
            [
                -0.9265328645706177,
                -0.2836419343948364,
                -0.24715307354927063
            ]
        ],
        "T": [
            0.001523201004602015,
            -0.006741585209965706,
            1.660292625427246
        ],
        "needs_checking": false,
        "principal_point": [
            127.4324951171875,
            128.02294921875
        ],
        "focal_length": [
            380.2095031738281,
            380.2095031738281
        ],
        "flag": 1,
        "filepath": "data/demo/butter/processed/005_rgba.png"
    },
    "006": {
        "R": [
            [
                -0.9981337785720825,
                -0.015956198796629906,
                0.05894666910171509
            ],
            [
                -0.04869883880019188,
                0.7903960347175598,
                -0.610657811164856
            ],
            [
                -0.03684743866324425,
                -0.6123888492584229,
                -0.7896979451179504
            ]
        ],
        "T": [
            -0.015202268958091736,
            0.01084431353956461,
            1.999618649482727
        ],
        "needs_checking": false,
        "principal_point": [
            128.14404296875,
            128.39840698242188
        ],
        "focal_length": [
            406.06390380859375,
            406.06390380859375
        ],
        "flag": 1,
        "filepath": "data/demo/butter/processed/006_rgba.png"
    },
    "007": {
        "R": [
            [
                -0.9185340404510498,
                -0.2613014876842499,
                -0.2966764569282532
            ],
            [
                0.04603487253189087,
                0.6746317744255066,
                -0.736717939376831
            ],
            [
                0.39265286922454834,
                -0.6903578639030457,
                -0.6076433658599854
            ]
        ],
        "T": [
            0.010488937608897686,
            0.018516138195991516,
            1.7265605926513672
        ],
        "needs_checking": false,
        "principal_point": [
            128.0351104736328,
            127.64866638183594
        ],
        "focal_length": [
            410.2312927246094,
            410.2312927246094
        ],
        "flag": 1,
        "filepath": "data/demo/butter/processed/007_rgba.png"
    }
}